# The mean values of the components (in mm)
228
1
6
-72.718329 
-71.976304 
-69.514205 
-65.650143 
-58.673285 
-47.342009 
-33.250386 
-17.125090 
0.988234 
18.749165 
34.344017 
48.297129 
59.340604 
66.379252 
69.993716 
72.138585 
72.892458 
-60.967577 
-51.566900 
-38.376707 
-24.854954 
-12.452971 
11.031618 
24.154134 
37.657839 
50.859060 
60.169852 
-0.170164 
-0.170772 
-0.153184 
-0.043468 
-15.351942 
-7.822049 
-0.141113 
7.616962 
14.540040 
-45.897080 
-37.715129 
-27.980650 
-19.743758 
-28.341774 
-38.092870 
18.790239 
27.458976 
37.073393 
45.017960 
37.874879 
28.357387 
-28.801692 
-17.882686 
-7.202741 
-0.305640 
7.569403 
18.267979 
28.798329 
18.702017 
8.443484 
-0.015599 
-7.690975 
-18.268125 
-24.309948 
-7.273610 
-0.214032 
7.768242 
24.386191 
7.958004 
-0.166383 
-7.394903 
-48.823183 
-38.451368 
-27.514254 
-16.713031 
14.517736 
25.434502 
36.537155 
47.059039 
-33.220802 
-15.088296 
3.075915 
20.707297 
36.937064 
51.096298 
62.712946 
71.785601 
74.346061 
71.795093 
63.094073 
51.972275 
38.229558 
21.791337 
3.984340 
-14.048404 
-32.227144 
-48.921909 
-57.480728 
-59.942324 
-58.240378 
-53.363118 
-53.811394 
-58.542901 
-59.799973 
-56.793558 
-48.256416 
-39.495391 
-28.098972 
-16.804051 
-5.103860 
3.937824 
6.394272 
8.423675 
6.456019 
4.349910 
-37.072933 
-41.660686 
-41.400347 
-35.442674 
-34.013126 
-34.007004 
-35.270922 
-41.315636 
-41.112516 
-36.488690 
-33.717655 
-33.652487 
27.159343 
22.265790 
19.909993 
21.784731 
20.171327 
22.975991 
27.498839 
36.376736 
40.096337 
40.778777 
39.991969 
36.177504 
27.523482 
26.049163 
26.828305 
26.169524 
27.892860 
30.983254 
31.751039 
30.919776 
-52.299635 
-53.075025 
-52.084929 
-49.414061 
-49.484468 
-52.108796 
-53.075986 
-52.160960 
25.857707 
23.089914 
21.186255 
19.736020 
17.099614 
13.349119 
8.036988 
1.699333 
-0.371920 
2.104212 
8.267272 
13.933287 
18.291489 
21.238847 
22.851528 
24.596897 
27.155939 
9.195684 
5.042666 
1.647344 
-1.405640 
-3.736765 
-4.014545 
-1.913616 
1.009224 
4.319019 
8.017856 
-6.430933 
-10.409545 
-14.678030 
-18.803313 
-11.157848 
-12.762479 
-13.835025 
-12.882962 
-11.387722 
4.409320 
2.635236 
1.819044 
0.892903 
0.791825 
1.713514 
0.572719 
1.311310 
1.947226 
3.400297 
1.008253 
0.285490 
-2.882916 
-9.540209 
-12.771040 
-13.009977 
-12.299322 
-8.673463 
-2.917979 
-8.061684 
-11.719707 
-12.495609 
-12.240453 
-8.805334 
-3.964840 
-12.075718 
-12.366896 
-11.576908 
-4.020058 
-11.405943 
-12.144314 
-11.750637 
3.974816 
1.287848 
-0.969127 
-3.087026 
-3.828556 
-1.748883 
0.509484 
3.214706 
# The principal components (eigenvectors) of identity or combined identity and expression model
228
16
6
0.238432 0.003503 -0.021970 0.084492 0.059284 0.096486 0.029188 0.077132 0.184793 -0.012903 0.071381 -0.031286 -0.017017 0.036015 -0.057158 -0.115791 
0.225249 -0.000624 -0.012220 0.069652 0.063464 0.106304 0.041930 0.057544 0.111328 -0.049689 0.084046 -0.007751 -0.041182 -0.010238 -0.018367 -0.076379 
0.211012 -0.010212 0.005235 0.050158 0.057556 0.131700 0.046679 0.037125 0.048240 -0.075953 0.071561 -0.001266 -0.022315 -0.030946 0.030773 -0.037465 
0.194205 -0.021636 0.017360 0.041937 0.040793 0.173304 0.027882 0.014567 -0.012675 -0.077310 0.031846 -0.005178 -0.020272 -0.032982 0.059487 0.034552 
0.152475 -0.033537 0.021976 0.060650 0.016738 0.226025 -0.025545 -0.033277 -0.086278 -0.041024 0.001549 -0.020094 -0.012365 -0.032786 0.056311 0.091697 
0.090275 -0.037065 0.019416 0.070950 -0.025486 0.250542 -0.090560 -0.093912 -0.152910 0.027164 -0.021788 -0.037737 0.021603 -0.035429 0.004489 0.129484 
0.022325 -0.018207 0.016622 0.095451 -0.069046 0.220091 -0.102109 -0.109080 -0.178655 0.070292 -0.030404 -0.041181 0.061428 -0.001670 -0.062503 0.096629 
-0.036337 -0.001614 0.006209 0.097618 -0.103944 0.128835 -0.078609 -0.094902 -0.123046 0.054541 -0.024753 -0.011180 0.106953 -0.004371 -0.120110 0.059617 
-0.057678 0.008282 -0.003180 0.114037 -0.118371 0.030251 -0.074519 -0.051711 0.000943 -0.000309 -0.022597 0.022394 0.109008 0.023712 -0.131125 0.030454 
-0.037637 0.015309 -0.009049 0.146174 -0.131111 -0.085346 -0.085235 -0.014760 0.118535 -0.051935 -0.020006 0.047595 0.071884 0.040217 -0.102170 0.045024 
0.021783 0.021633 -0.005149 0.130762 -0.140088 -0.181207 -0.117345 -0.002221 0.174017 -0.076087 -0.014498 0.036738 0.055712 0.016979 -0.064990 0.023218 
0.081772 0.025959 -0.003153 0.082104 -0.141418 -0.230778 -0.126985 0.003149 0.162342 -0.055938 0.026410 0.022997 0.034047 0.000895 0.012662 -0.020108 
0.142995 0.014537 -0.011184 0.032984 -0.125260 -0.231443 -0.097403 -0.009325 0.083782 -0.007484 0.039411 0.005769 0.018515 -0.002743 0.039303 -0.061304 
0.189893 0.002331 -0.015537 -0.009572 -0.098123 -0.200122 -0.070462 -0.028642 -0.007557 0.047640 0.017693 0.005261 0.021426 0.013713 0.047258 -0.061530 
0.211206 -0.000457 -0.003438 -0.040804 -0.071176 -0.153948 -0.064092 -0.024830 -0.068034 0.058722 -0.030063 0.019416 0.024130 0.040441 0.027186 -0.027674 
0.224770 -0.003279 0.019648 -0.063922 -0.066374 -0.119671 -0.082265 -0.027348 -0.118169 0.031541 -0.045190 0.024178 0.022757 0.036780 -0.001119 0.019946 
0.242935 -0.002194 0.037690 -0.089723 -0.061845 -0.093263 -0.109552 -0.035327 -0.163148 0.014023 -0.024943 0.032698 0.017580 0.045538 -0.033690 0.029169 
0.066777 0.027215 -0.028167 0.078329 -0.006976 -0.054811 -0.020405 0.040646 0.107778 0.151585 -0.001071 -0.038508 0.005207 0.115559 -0.037389 -0.010855 
0.026321 0.013667 -0.007506 0.056795 0.017393 -0.056130 -0.043161 0.030630 0.047419 0.118543 -0.183074 -0.125142 -0.003084 0.064562 -0.013682 -0.134141 
-0.009077 0.018277 0.008980 0.055773 0.056026 -0.031901 -0.066780 0.029349 0.019199 0.116555 -0.225529 -0.039054 0.003467 -0.040341 0.006251 -0.183850 
-0.044253 0.033174 0.015371 0.057914 0.082474 -0.001973 -0.077151 0.044826 -0.000605 0.135167 -0.190419 0.101336 -0.003386 -0.132797 0.012088 -0.189231 
-0.080656 0.043377 0.026492 0.074193 0.090939 0.003332 -0.077979 0.043865 -0.041837 0.112894 -0.138534 0.217544 -0.027861 -0.207794 -0.028492 -0.131148 
-0.086840 -0.028565 -0.022182 -0.001750 -0.116913 0.040452 0.040728 -0.052474 0.025603 -0.093916 0.081575 -0.229706 0.022896 0.250709 -0.042011 0.069528 
-0.053775 -0.024379 -0.009546 -0.006447 -0.078526 0.053632 0.002963 -0.035460 -0.020252 -0.144863 0.127718 -0.146692 -0.055093 0.227483 -0.080418 -0.001973 
-0.019252 -0.012271 0.000553 -0.016284 -0.043057 0.082665 -0.035433 -0.026322 -0.037292 -0.138116 0.169251 -0.020802 -0.083516 0.146107 -0.049746 -0.080032 
0.017994 -0.014030 0.015855 -0.030739 -0.002326 0.098853 -0.064788 -0.029406 -0.065178 -0.123356 0.166427 0.078278 -0.067830 0.036525 -0.002143 -0.105644 
0.067971 -0.027763 0.036690 -0.059773 0.008626 0.072020 -0.063579 -0.046631 -0.113386 -0.142752 0.043083 0.032799 -0.023759 -0.095751 0.016523 -0.075198 
-0.086679 0.005740 -0.004082 0.027992 -0.009146 0.017467 0.006923 -0.005128 0.003174 0.019316 -0.010811 0.000983 0.019412 0.007775 0.015545 0.042383 
-0.106717 0.004234 -0.006045 0.022522 -0.002803 0.006600 0.033509 -0.003632 0.002394 0.019379 -0.012881 0.002762 0.012380 0.004840 0.024346 0.061508 
-0.131905 0.002470 -0.008833 0.016603 0.002557 -0.002517 0.058023 -0.001543 0.002593 0.021009 -0.014133 0.004565 0.004768 0.003997 0.033046 0.075376 
-0.157981 0.001311 -0.011742 0.011336 0.008680 -0.008668 0.078842 -0.000986 0.000368 0.022836 -0.017751 0.005661 -0.001962 0.005274 0.041073 0.086427 
-0.080484 0.010804 0.016343 -0.044123 -0.049412 -0.040964 0.053633 0.021137 -0.017531 0.025325 0.023477 -0.028015 0.049232 0.044263 0.080855 0.045243 
-0.094163 0.006291 0.003963 -0.029357 -0.030399 -0.034133 0.057923 0.012261 -0.004859 0.020242 0.013857 -0.014932 0.024767 0.013923 0.049537 0.047422 
-0.101488 -0.002321 -0.007718 -0.010984 0.006190 -0.019002 0.067347 0.000820 0.006958 0.014535 -0.002858 -0.001865 -0.000986 -0.004295 0.024666 0.066397 
-0.092462 -0.013370 -0.019022 0.005162 0.036836 -0.011005 0.071486 -0.012066 0.013479 0.006688 -0.017941 0.011808 -0.019072 -0.025645 0.004891 0.075265 
-0.078952 -0.018750 -0.028657 0.013628 0.062404 -0.001000 0.076155 -0.018108 0.014405 -0.001885 -0.028479 0.022886 -0.036736 -0.056951 -0.024622 0.076099 
0.022173 0.028453 -0.018224 0.047447 0.025074 -0.053061 -0.027328 0.013011 0.038614 0.106969 0.094513 0.019643 0.017839 0.121669 0.009188 -0.012747 
0.005108 0.027576 -0.016689 0.040257 0.025708 -0.033323 -0.027075 0.016572 0.023488 0.105797 0.063211 0.006071 0.015874 0.089823 0.016437 -0.014902 
-0.000001 0.019615 -0.000390 0.016682 0.012577 -0.007836 -0.015572 0.015384 0.012710 0.065355 0.052444 0.017356 0.015626 0.063812 0.027151 -0.060799 
0.003143 0.016513 -0.002503 0.008239 0.031145 0.019998 0.006080 0.027096 0.032663 0.056160 0.037151 0.015090 0.021169 0.002561 0.026888 -0.044861 
0.003064 0.023425 -0.004621 0.015836 0.022537 -0.008837 0.000171 0.026401 0.022019 0.073642 0.063886 0.030916 0.022203 0.055533 0.018973 -0.040956 
0.008987 0.028522 -0.023550 0.039587 0.030671 -0.043909 -0.009778 0.027000 0.030737 0.104598 0.071553 0.015144 0.015133 0.080451 0.002187 0.015017 
-0.001202 -0.014963 0.000877 -0.006861 -0.033452 -0.018748 0.020527 -0.015436 -0.034207 -0.068253 -0.039583 -0.009348 0.000337 -0.038847 -0.031808 0.089469 
-0.001035 -0.012959 0.001564 0.008264 -0.016160 0.011882 0.012472 -0.011578 -0.004773 -0.073254 -0.052349 -0.009474 -0.009769 -0.098288 -0.023808 0.127481 
0.006426 -0.021064 0.013615 -0.011893 -0.036915 0.036185 0.022528 -0.014374 -0.012194 -0.109256 -0.052600 -0.002793 -0.006120 -0.127532 -0.014757 0.103842 
0.027599 -0.026118 0.016754 -0.024837 -0.034054 0.051510 0.027893 -0.011156 -0.026239 -0.119691 -0.064275 -0.020278 -0.008570 -0.157819 -0.012687 0.089266 
0.010844 -0.026886 0.016067 -0.027901 -0.036848 0.040607 0.042971 -0.015639 -0.018539 -0.109119 -0.051392 -0.004751 0.008584 -0.124498 -0.010751 0.073834 
0.003104 -0.021835 0.002124 -0.009111 -0.023886 0.007466 0.035222 -0.019558 -0.013666 -0.080161 -0.051817 -0.009736 0.005106 -0.086319 -0.024054 0.098405 
0.010561 0.031584 0.150664 -0.068049 -0.017628 -0.015264 0.038919 0.136810 -0.132298 -0.063603 0.024686 -0.034148 -0.016138 0.095601 0.071437 0.034507 
-0.042693 0.025540 0.116122 -0.098671 0.018627 -0.010537 0.048333 0.043899 -0.056170 -0.000083 0.036041 -0.021810 0.015292 0.048321 0.099894 -0.020613 
-0.075764 0.010212 0.043011 -0.104725 0.037274 -0.008127 0.038757 0.028057 -0.014816 0.007743 0.024837 -0.020151 0.025553 0.041548 0.080694 -0.024568 
-0.079391 -0.003191 -0.000257 -0.068004 0.045794 -0.020642 0.044802 0.012147 0.001284 -0.004745 0.000498 -0.012491 -0.026353 -0.002584 0.024892 -0.029156 
-0.071594 -0.016964 -0.052241 -0.023949 0.080082 -0.032579 0.049761 -0.014342 0.015799 -0.011303 -0.019991 -0.000997 -0.094154 -0.036397 -0.023424 -0.044605 
-0.039228 -0.035344 -0.117506 -0.024924 0.081412 -0.029688 0.048954 -0.021085 0.052417 -0.003300 -0.024158 0.024000 -0.090875 -0.067065 -0.053946 -0.031366 
0.017200 -0.046592 -0.147706 -0.036789 0.088737 -0.028773 0.053616 -0.087856 0.110638 0.034121 -0.012308 0.040704 -0.025032 -0.125208 -0.045808 -0.040039 
-0.028139 -0.041294 -0.120356 -0.040719 0.079098 -0.039307 0.048257 -0.018142 0.050301 -0.020423 -0.025207 0.028433 -0.085499 -0.070314 -0.063015 -0.061902 
-0.060650 -0.020216 -0.055565 -0.050050 0.080664 -0.039487 0.037469 -0.002089 0.011811 -0.039919 -0.023165 0.009405 -0.097086 -0.042373 -0.062314 -0.099612 
-0.069714 -0.003624 0.001556 -0.091305 0.048460 -0.029165 0.031840 0.015801 -0.004433 -0.030760 0.000829 0.001670 -0.036186 -0.005120 -0.013498 -0.080300 
-0.066709 0.012308 0.051007 -0.124033 0.039512 -0.020189 0.029415 0.029585 -0.016592 -0.019293 0.031670 -0.013258 0.013929 0.035324 0.028605 -0.080306 
-0.035571 0.030782 0.126020 -0.109297 0.019177 -0.020322 0.038890 0.047686 -0.064509 -0.024871 0.037995 -0.015110 0.004971 0.052969 0.059313 -0.044912 
0.009309 0.030060 0.150446 -0.094057 -0.015085 -0.024106 0.033404 0.139988 -0.128636 -0.069852 0.008755 -0.024215 0.002348 0.069390 0.059873 0.035919 
-0.075095 0.009968 0.042898 -0.104160 0.032743 -0.008231 0.031204 0.029693 -0.013361 -0.000719 0.025349 -0.019915 0.027922 0.042919 0.064876 -0.042284 
-0.077768 -0.003916 0.000075 -0.070287 0.041894 -0.019833 0.039535 0.009425 0.003163 -0.010854 -0.000275 -0.008714 -0.019774 -0.001164 0.013105 -0.037901 
-0.069851 -0.017692 -0.051167 -0.027027 0.076040 -0.032831 0.043443 -0.017439 0.018542 -0.020478 -0.019825 0.000723 -0.090536 -0.038768 -0.035150 -0.059463 
0.014955 -0.047106 -0.149026 -0.031462 0.093559 -0.032902 0.066201 -0.090256 0.102012 0.040459 -0.002864 0.037466 -0.039447 -0.089488 -0.045093 -0.036841 
-0.066271 -0.018920 -0.055564 -0.035114 0.077207 -0.034644 0.037108 -0.010600 0.011815 -0.027037 -0.022534 0.004916 -0.093686 -0.039952 -0.040159 -0.071670 
-0.074181 -0.004150 0.001350 -0.077777 0.043371 -0.023031 0.033058 0.010200 -0.002996 -0.020382 0.004010 -0.003762 -0.030061 -0.004026 0.006259 -0.053726 
-0.072184 0.011689 0.049931 -0.111585 0.032928 -0.014273 0.024251 0.025232 -0.015263 -0.013092 0.027423 -0.015820 0.019268 0.041652 0.054667 -0.053406 
0.015086 0.051484 -0.011501 0.049042 0.026969 -0.002353 -0.032743 0.059405 0.082913 0.151666 -0.053803 0.037035 -0.051765 0.020110 -0.029087 0.142591 
-0.011354 0.040565 -0.006067 0.051464 0.035538 -0.012889 -0.039633 0.045899 0.066536 0.108824 -0.073197 0.059449 -0.058959 -0.004347 -0.032697 0.165185 
-0.038578 0.031292 -0.004090 0.058258 0.037104 -0.023238 -0.044357 0.033599 0.054311 0.070340 -0.076424 0.088823 -0.060748 -0.027541 -0.041125 0.183245 
-0.064092 0.022085 -0.001978 0.064854 0.036562 -0.033675 -0.045647 0.020581 0.040412 0.030569 -0.070696 0.115815 -0.056618 -0.046867 -0.046312 0.194541 
-0.067099 0.001465 0.005052 0.004644 -0.063471 0.111564 0.049809 -0.024514 -0.006018 0.059638 0.051736 -0.097784 0.156719 0.031659 0.075372 -0.039034 
-0.040831 -0.009115 0.005161 -0.002424 -0.055703 0.098554 0.040306 -0.028811 -0.026852 0.016623 0.062984 -0.066446 0.137765 -0.003743 0.071323 -0.043664 
-0.013701 -0.019100 0.005477 -0.009854 -0.047161 0.087139 0.029488 -0.031164 -0.043925 -0.023287 0.068199 -0.031756 0.112467 -0.040015 0.064558 -0.041861 
0.013079 -0.029927 0.009207 -0.013442 -0.038260 0.076218 0.018191 -0.035390 -0.062633 -0.063244 0.057132 -0.005184 0.088531 -0.075635 0.057249 -0.034923 
0.057757 0.207616 -0.117669 -0.133268 -0.131764 0.030778 0.091590 -0.012951 0.112049 -0.023821 -0.091423 0.160168 -0.164742 0.044081 0.330384 0.077609 
0.015067 0.193544 -0.099838 -0.056459 -0.131579 0.062492 0.043340 -0.049379 0.023149 -0.016152 -0.071967 0.102204 -0.148009 0.016250 0.278036 0.029582 
-0.026833 0.180362 -0.084637 0.012130 -0.111682 0.093223 -0.021581 -0.079951 -0.035043 0.001668 -0.078641 0.019624 -0.108599 -0.000595 0.200853 -0.058399 
-0.057040 0.170370 -0.076563 0.067457 -0.084527 0.116447 -0.075781 -0.098172 -0.068894 0.033816 -0.081361 -0.049304 -0.082422 0.006731 0.090126 -0.118500 
-0.071277 0.157190 -0.067983 0.094908 -0.025109 0.110766 -0.114201 -0.076204 -0.060813 0.030669 -0.076462 -0.100949 -0.015878 0.004770 -0.019087 -0.129044 
-0.066516 0.133323 -0.071554 0.114617 0.036614 0.075519 -0.135589 -0.048637 -0.029755 0.016830 -0.030579 -0.117017 0.019474 0.025622 -0.074191 -0.076682 
-0.050154 0.087811 -0.084054 0.110585 0.108733 0.040356 -0.145193 -0.011768 0.019931 -0.006280 0.014142 -0.092420 0.038373 0.041722 -0.089661 0.031903 
-0.025345 0.033907 -0.103208 0.080464 0.173791 -0.007579 -0.134728 0.029098 0.071106 0.002585 0.088048 -0.095196 0.031208 0.054911 0.003502 0.091997 
-0.007371 0.014568 -0.117231 0.062084 0.192656 -0.038121 -0.119117 0.046881 0.084130 0.010166 0.135179 -0.101424 0.018785 0.039462 0.098302 0.140702 
0.015415 0.016042 -0.112858 0.031330 0.193481 -0.060136 -0.067726 0.027481 0.052123 -0.009526 0.122953 -0.101298 -0.001787 -0.024529 0.143572 0.129595 
0.049186 0.052672 -0.099963 0.001625 0.165163 -0.070534 0.044600 0.002167 -0.029425 -0.017001 0.091364 -0.113337 -0.025772 -0.090306 0.111245 0.091503 
0.072509 0.094578 -0.093798 -0.027642 0.110118 -0.058766 0.145325 -0.034187 -0.100521 0.007259 0.050563 -0.120731 -0.012148 -0.107932 0.033649 0.013027 
0.084572 0.127958 -0.089666 -0.058979 0.061241 -0.041072 0.195851 -0.061429 -0.145220 0.029238 0.011354 -0.097720 0.034391 -0.069823 -0.044152 -0.044155 
0.072788 0.153000 -0.087403 -0.086754 0.014367 -0.008765 0.196563 -0.081692 -0.143462 0.036856 -0.046913 -0.030721 0.069545 0.014393 -0.122508 -0.034652 
0.040149 0.168429 -0.082411 -0.114711 -0.045255 0.016777 0.135694 -0.081398 -0.077559 0.003383 -0.091759 0.040055 0.076876 0.091947 -0.169020 0.003747 
-0.003867 0.182274 -0.087857 -0.140622 -0.104317 0.033200 0.043733 -0.073212 0.025280 -0.039571 -0.129773 0.108242 0.058899 0.144400 -0.183957 0.030561 
-0.052292 0.202545 -0.102781 -0.172751 -0.159101 0.050417 -0.043443 -0.062306 0.150956 -0.074470 -0.172150 0.167461 0.040032 0.188058 -0.192358 0.075810 
0.019565 0.080629 -0.038158 0.017054 0.102295 -0.012618 0.054042 0.015621 -0.061014 0.023393 0.308242 0.297441 0.095788 0.027451 -0.113861 0.179906 
0.028855 0.033913 -0.028747 -0.011907 0.066233 -0.058880 0.049310 0.012757 -0.049619 -0.032803 0.124371 0.112425 0.103230 0.093596 -0.077132 0.118267 
0.042051 -0.013488 -0.011383 -0.025773 0.064288 -0.088553 0.038696 -0.005660 -0.060634 -0.075851 -0.044870 -0.027416 0.150936 0.077241 -0.014126 0.014989 
0.036495 -0.035544 0.008201 -0.032665 0.072427 -0.091249 0.005537 -0.021418 -0.034062 -0.056372 -0.109104 -0.075728 0.226122 0.039113 0.057745 -0.003028 
0.018148 -0.035733 0.012587 -0.052133 0.084589 -0.053635 -0.050307 -0.036604 0.028710 0.021887 -0.127624 -0.032174 0.311381 -0.055201 0.147995 -0.057022 
-0.011166 -0.044588 0.010877 -0.028578 0.051975 -0.070775 -0.081996 -0.052747 0.027966 -0.016617 -0.117820 -0.009491 0.287525 -0.081954 0.211006 -0.035434 
-0.028987 -0.039390 0.013514 0.023418 0.015769 -0.098897 -0.093887 -0.036200 -0.033323 -0.118390 -0.106460 -0.068899 0.158342 0.012580 0.121516 0.005065 
-0.037263 -0.016065 -0.006749 0.043766 -0.014568 -0.103066 -0.098448 -0.036098 -0.048796 -0.152582 -0.040665 -0.023423 0.054429 0.047918 0.088517 -0.019522 
-0.035299 0.035870 -0.027505 0.042305 -0.003902 -0.051079 -0.123677 -0.022980 -0.037931 -0.110619 0.120078 0.114301 -0.039309 0.088499 0.094501 -0.107562 
-0.035548 0.083393 -0.032778 0.057399 0.039456 0.027114 -0.149200 -0.030862 -0.032239 -0.053490 0.292619 0.285175 -0.070724 0.042919 0.132108 -0.195900 
0.002082 -0.032611 0.021157 -0.056494 -0.049555 -0.011650 -0.017379 0.008771 0.016804 0.059141 0.023638 -0.116669 0.006904 -0.020782 -0.003574 -0.119611 
0.003961 -0.076773 0.044598 -0.032646 0.002433 0.013303 -0.001336 -0.065875 0.014579 0.060271 -0.029620 -0.103760 -0.061757 0.056489 0.001679 -0.040463 
0.008018 -0.123717 0.066581 -0.005356 0.052128 0.030636 0.014289 -0.145976 0.011491 0.056362 -0.078133 -0.091460 -0.125207 0.130525 0.008495 0.039770 
0.010677 -0.167671 0.086239 0.022831 0.102447 0.043882 0.027482 -0.221281 0.008518 0.056856 -0.118692 -0.077477 -0.176263 0.194399 0.016094 0.113707 
-0.002888 -0.069174 0.083814 -0.027459 0.012826 0.025168 0.025359 -0.096621 0.056097 0.056088 -0.030440 -0.032632 -0.069556 0.055771 -0.036139 -0.052539 
0.003036 -0.086087 0.085302 -0.014295 0.031502 0.026485 0.028876 -0.113356 0.065309 0.050873 -0.040137 -0.034465 -0.082809 0.051696 -0.007735 -0.021009 
0.000733 -0.101358 0.082819 0.004234 0.044544 0.026770 0.022556 -0.131892 0.068330 0.048022 -0.047149 -0.031896 -0.109046 0.051615 0.007501 0.008488 
0.000147 -0.087030 0.088210 0.001504 0.009121 0.019635 0.018248 -0.115607 0.064532 0.046542 -0.044042 -0.020524 -0.094637 0.034265 0.021390 -0.005412 
0.006899 -0.073156 0.085034 -0.005713 -0.016567 0.011719 0.021147 -0.098647 0.056934 0.050346 -0.034464 -0.017408 -0.105053 0.012564 0.042285 -0.022751 
0.030233 0.029147 -0.011868 -0.093746 -0.044531 -0.005233 0.056075 0.053274 0.032264 0.074524 0.102019 -0.054356 0.020695 -0.073623 -0.127518 0.007174 
0.025318 0.015959 -0.020308 -0.077982 -0.029777 -0.022715 0.022067 0.046183 0.037749 0.098976 0.091523 -0.100717 0.015350 -0.091705 -0.138283 0.094561 
0.020954 0.006847 -0.019185 -0.076885 -0.034484 -0.017148 0.008923 0.037782 0.048631 0.108802 0.081535 -0.104484 0.012640 -0.096628 -0.115310 0.072148 
0.013290 0.005902 0.004607 -0.079332 -0.063737 0.018002 0.027238 0.025107 0.029415 0.093613 0.067214 -0.069138 0.023038 -0.084190 -0.067695 -0.085839 
0.016734 0.003994 0.023909 -0.101203 -0.074337 0.018381 0.037909 0.035416 0.026497 0.074744 0.093954 -0.073192 0.024381 -0.109762 -0.090133 -0.068468 
0.022785 0.011529 0.026979 -0.102841 -0.058499 0.021547 0.051403 0.046017 0.025903 0.067429 0.104572 -0.062825 0.022072 -0.104517 -0.105065 -0.050757 
-0.015757 0.000784 0.004647 -0.045364 -0.102706 0.009751 -0.023772 -0.001328 0.045230 0.071340 0.070212 -0.066729 -0.006351 -0.109336 -0.000776 -0.066867 
-0.022673 0.003829 -0.019546 -0.035578 -0.097797 -0.029671 -0.069046 -0.001458 0.067541 0.071632 0.084984 -0.111277 -0.040443 -0.135115 -0.010373 0.092702 
-0.026385 0.012778 -0.016838 -0.028992 -0.101450 -0.033180 -0.085005 0.007244 0.062305 0.054591 0.093303 -0.102994 -0.064567 -0.148883 -0.000261 0.105018 
-0.034203 0.025523 -0.008102 -0.032834 -0.139232 -0.016300 -0.066023 -0.005595 0.057690 0.032270 0.099888 -0.047019 -0.048263 -0.136497 0.031599 0.021104 
-0.027873 0.007818 0.023546 -0.050091 -0.140425 0.007258 -0.046565 0.000192 0.045186 0.033964 0.102943 -0.057393 -0.028322 -0.163440 0.027680 -0.010452 
-0.021693 0.001108 0.025854 -0.056309 -0.133199 0.012971 -0.032412 0.002797 0.040923 0.049338 0.099052 -0.067013 -0.022578 -0.154900 0.011182 -0.040802 
0.002268 0.002741 0.117698 -0.035045 -0.032653 0.000951 0.020380 0.136357 -0.019924 -0.079073 -0.049711 0.058053 -0.016696 -0.020271 -0.136132 -0.101002 
0.003782 -0.055110 0.143911 -0.008806 0.004278 0.028824 0.050929 -0.025861 0.050872 0.004726 0.008970 0.095624 0.042789 0.022635 -0.050169 -0.054809 
0.003177 -0.088038 0.138139 0.029076 0.024449 0.018071 0.061268 -0.108691 0.082785 0.027402 0.035875 0.103693 0.046246 0.045112 -0.002154 -0.019030 
0.000884 -0.089446 0.141069 0.039960 0.021170 0.018793 0.061970 -0.111085 0.082686 0.025110 0.035456 0.110341 0.040629 0.025286 0.016124 -0.002732 
-0.001501 -0.088735 0.137791 0.042994 0.001747 0.012054 0.059868 -0.118534 0.077367 0.034823 0.039053 0.111319 0.056053 0.024430 0.033701 0.008386 
-0.002327 -0.058987 0.143978 0.034950 -0.043036 0.015628 0.053870 -0.044826 0.039285 0.004372 0.009702 0.101334 0.049031 -0.021021 0.039945 0.022545 
-0.011399 -0.006512 0.115326 0.017852 -0.105712 -0.015570 0.018752 0.092475 -0.017863 -0.065203 -0.040557 0.090156 0.006097 -0.083687 -0.000961 0.057010 
-0.002511 -0.090203 -0.024875 0.023306 -0.067422 0.049498 -0.004709 0.178241 -0.034950 0.025450 -0.021929 0.068907 0.020239 -0.001038 0.078196 0.030196 
-0.003707 -0.126941 -0.090092 0.028578 -0.030747 0.088846 -0.019385 0.222884 -0.049093 0.045499 -0.057423 0.043423 -0.009170 0.040381 0.054049 0.011314 
-0.005010 -0.129865 -0.099219 0.024725 -0.008907 0.098217 -0.025661 0.230212 -0.045345 0.043621 -0.071143 0.033603 -0.018418 0.060888 0.015669 -0.003277 
-0.007051 -0.124148 -0.091988 0.009594 -0.000662 0.097672 -0.032786 0.236977 -0.038066 0.038771 -0.073647 0.027644 -0.010540 0.061122 -0.015309 -0.024354 
-0.007655 -0.081458 -0.027633 -0.016195 0.000480 0.062465 -0.026425 0.206117 -0.028273 0.001666 -0.073027 0.033932 -0.002773 0.035995 -0.087357 -0.070689 
0.003070 -0.019397 0.103951 -0.026691 -0.022371 0.004532 0.020012 0.102007 -0.006354 -0.059460 -0.040640 0.056077 -0.013178 -0.016902 -0.117924 -0.089021 
0.002457 -0.070653 0.146332 -0.026157 -0.011019 0.008490 0.023478 -0.059704 0.104477 -0.009166 0.001794 0.077815 0.008142 -0.004572 -0.018926 -0.001982 
0.001494 -0.076789 0.143467 -0.009655 -0.011045 0.009321 0.029053 -0.077471 0.100869 -0.002946 0.009796 0.088059 0.002105 -0.016788 0.001626 0.021923 
0.000406 -0.072078 0.146827 -0.009330 -0.030235 0.004454 0.027967 -0.064937 0.098197 -0.004626 0.003894 0.086637 0.011943 -0.027836 0.023863 0.041532 
-0.009662 -0.028565 0.102014 0.020083 -0.088466 -0.004677 0.016161 0.073629 -0.005929 -0.047220 -0.048249 0.082325 0.010177 -0.052046 -0.004606 0.056035 
-0.003791 -0.111069 -0.090832 0.053249 -0.032042 0.077460 0.025537 0.183681 -0.041870 0.111182 0.002458 0.078355 0.041487 0.053863 0.043259 -0.024783 
-0.008601 -0.115731 -0.100457 0.058428 -0.007732 0.086592 0.019604 0.184779 -0.038660 0.111950 -0.005564 0.069509 0.036937 0.078972 0.013038 -0.033851 
-0.012163 -0.107437 -0.095370 0.048056 -0.006967 0.085900 0.013401 0.188592 -0.034961 0.111967 -0.014218 0.055356 0.045184 0.083896 -0.017727 -0.044513 
0.026692 0.032772 -0.005691 0.090404 0.100400 -0.071060 0.073400 0.050743 -0.120369 -0.091838 0.028807 0.043416 -0.058018 0.030360 -0.146826 -0.008280 
0.032281 0.010482 0.005436 0.075607 0.103948 -0.079399 0.055442 0.043251 -0.111454 -0.112715 -0.038810 0.000599 -0.057148 0.003539 -0.124000 0.011994 
0.028309 -0.008317 0.006414 0.061938 0.097241 -0.077927 0.035692 0.028553 -0.087029 -0.116086 -0.066471 -0.044082 -0.018084 -0.009192 -0.089078 0.028800 
0.021146 -0.023232 0.006990 0.055826 0.091051 -0.072450 0.017117 0.016340 -0.064364 -0.110787 -0.078544 -0.069935 0.013130 -0.018737 -0.060767 0.037660 
-0.015205 -0.023297 0.018545 0.092670 0.047796 -0.076812 -0.035843 0.003867 -0.045402 -0.134382 -0.065783 -0.076595 -0.034895 -0.038610 0.031663 0.034702 
-0.025783 -0.012599 0.016440 0.114778 0.039150 -0.088024 -0.046787 0.007851 -0.071487 -0.156139 -0.055209 -0.050222 -0.081902 -0.034597 0.016261 0.015579 
-0.033807 0.003853 0.013748 0.141261 0.033469 -0.092481 -0.052701 0.016415 -0.096970 -0.169371 -0.033596 -0.011082 -0.141906 -0.029318 -0.004602 -0.000650 
-0.032786 0.025935 0.000244 0.146195 0.023739 -0.082342 -0.049045 0.022841 -0.107192 -0.157460 0.025214 0.029312 -0.163634 -0.021133 0.001096 -0.022769 
-0.154791 0.116369 0.135900 0.040048 0.110285 0.011705 -0.036429 -0.062076 -0.125350 0.168955 0.072591 0.006139 0.084706 -0.085668 0.017584 0.011887 
-0.175791 0.120632 0.146355 0.068032 0.066189 -0.031404 -0.051220 -0.053324 -0.131384 0.122704 0.087037 0.007537 0.039150 -0.011999 -0.010123 -0.040834 
-0.180853 0.124820 0.142263 0.061222 0.023408 -0.059544 -0.050232 -0.035351 -0.107285 0.072821 0.046639 0.029175 -0.017397 0.010751 -0.062902 0.010840 
-0.147147 0.121617 0.114582 0.038285 0.005330 -0.054222 0.018015 0.025153 -0.028573 0.037984 -0.004095 0.020756 -0.040771 0.034477 -0.066262 -0.000391 
-0.085877 0.125721 0.090455 -0.000975 0.043928 -0.037615 0.098427 0.101762 0.071862 -0.008746 -0.029060 -0.023424 -0.027696 0.041554 0.001332 -0.031807 
-0.024170 0.133653 0.057189 -0.009296 0.076252 -0.024706 0.130525 0.137431 0.108455 -0.040549 -0.015680 -0.048783 0.011149 0.073917 0.044646 -0.019409 
0.010985 0.116390 0.028696 -0.048343 0.059392 -0.015043 0.121184 0.134455 0.116434 -0.045453 -0.026353 -0.062374 0.059699 0.083979 0.070514 0.036510 
0.016396 0.102894 0.021898 -0.051107 -0.000790 0.028832 0.049321 0.122804 0.060796 -0.037259 -0.036871 -0.098948 0.061729 0.044141 0.075896 0.079961 
-0.000670 0.111904 0.021245 -0.014986 -0.047345 0.071231 -0.034725 0.085169 0.014209 -0.011764 -0.026052 -0.093200 0.000988 -0.000065 0.050215 0.085551 
-0.016857 0.120184 0.021918 0.028333 -0.069533 0.104135 -0.074752 0.059060 0.046886 -0.061343 -0.005897 -0.060735 -0.048331 -0.033752 0.020720 0.007425 
-0.010355 0.117056 0.032855 0.090709 -0.057047 0.088413 -0.059439 -0.001818 0.084675 -0.085439 0.002724 -0.070420 -0.066448 -0.030481 -0.003011 -0.007340 
0.031069 0.107551 0.064134 0.121915 -0.029585 0.070879 -0.006973 -0.001229 0.115028 -0.071326 0.009295 -0.069723 -0.059269 -0.062607 -0.073909 -0.051099 
0.096183 0.116559 0.098281 0.118577 0.001147 0.001256 0.024146 -0.003423 0.081303 -0.038488 0.007366 -0.048761 0.017203 -0.026358 -0.063879 -0.065816 
0.153332 0.123768 0.117149 0.079240 0.042100 -0.047369 0.026004 -0.006516 0.010733 0.035696 -0.009766 0.006576 0.041777 0.024283 -0.042161 -0.049603 
0.181617 0.130856 0.133604 0.019713 0.078025 -0.041588 0.018485 -0.014583 -0.060440 0.097923 -0.007346 0.043988 -0.025087 0.030454 0.004657 -0.008241 
0.177869 0.122772 0.127550 -0.005769 0.088695 0.002822 -0.020366 0.004601 -0.090395 0.152878 -0.033489 0.035370 -0.056570 0.010049 0.025162 0.045677 
0.169166 0.129073 0.116511 0.004108 0.103921 0.032042 -0.039130 0.001855 -0.089040 0.185037 -0.031234 0.019686 -0.058344 0.017263 0.054510 0.134250 
0.021775 0.013754 0.039289 -0.035417 0.118892 0.136075 -0.023618 -0.000818 0.070175 -0.052253 0.014378 0.042579 -0.080962 -0.019813 -0.003345 -0.004524 
0.022712 -0.010527 0.010459 -0.053352 0.057731 0.119007 -0.020264 0.033044 0.097790 -0.004995 0.006594 0.036329 -0.024962 -0.013502 0.008735 0.045710 
0.015250 -0.032291 -0.008994 -0.057265 0.016478 0.061975 -0.019089 0.026803 0.083720 0.006232 -0.034100 0.017679 -0.012893 0.010869 0.011724 0.084750 
0.012732 -0.043521 -0.016499 -0.066328 0.018011 0.007155 -0.026832 0.018893 0.057378 0.017951 -0.047124 0.008397 -0.007950 0.032272 0.004239 0.119569 
0.009812 -0.033637 -0.019406 -0.085654 0.026333 -0.033837 -0.070639 0.015568 0.053818 0.030124 -0.040475 0.008110 0.020775 0.022779 0.000376 0.097483 
-0.011380 -0.061831 -0.023478 -0.027926 0.008498 -0.039676 -0.068123 -0.005965 0.020342 0.027053 0.004230 -0.019114 0.027975 0.122161 0.005335 -0.057745 
-0.015016 -0.073627 -0.014950 -0.020140 -0.026835 -0.028459 -0.065338 0.019306 0.022101 -0.011349 0.021299 -0.048006 0.017978 0.116431 -0.008711 -0.006410 
-0.014735 -0.040275 -0.007399 -0.020607 -0.032256 0.022593 -0.046341 0.040058 0.046645 -0.023199 0.021649 -0.035088 0.014130 0.073808 -0.009987 -0.022956 
-0.020567 -0.002506 0.012535 -0.032408 0.002962 0.073785 -0.059374 0.040918 0.050740 -0.033134 -0.010583 -0.032473 0.085401 -0.004953 -0.016971 -0.032542 
-0.023412 0.025643 0.057410 -0.019605 0.075267 0.152287 -0.112359 0.029506 0.041502 -0.055423 -0.029469 -0.014021 0.126889 -0.019853 -0.097110 -0.059792 
-0.005257 -0.047739 0.019865 -0.040439 0.013028 -0.022998 -0.062255 0.014655 -0.026452 0.043468 0.012296 -0.060547 -0.042293 0.051191 0.008118 -0.038797 
-0.003754 -0.065624 0.014893 -0.078374 -0.014108 -0.042523 -0.083066 0.018835 -0.063590 0.049929 -0.001702 -0.056486 -0.074505 0.041757 -0.001729 -0.018561 
-0.002077 -0.083501 0.001281 -0.118295 -0.039499 -0.066387 -0.103313 0.022873 -0.098812 0.054490 -0.012576 -0.046347 -0.115834 0.036699 -0.009384 0.005409 
-0.000521 -0.102519 -0.007092 -0.147633 -0.061169 -0.084144 -0.128918 0.018488 -0.142404 0.069383 -0.018600 -0.033934 -0.159477 0.039687 -0.011441 0.026758 
-0.011589 -0.044891 -0.000456 -0.053751 -0.016139 -0.036780 -0.049321 0.008334 -0.012869 0.020655 -0.007472 -0.027317 -0.051300 0.022330 -0.018711 0.040891 
-0.009016 -0.034870 0.004470 -0.071848 -0.049642 -0.041517 -0.066045 0.036000 -0.026659 0.026548 0.018588 -0.021071 -0.072266 -0.000289 -0.041953 0.015570 
-0.000308 -0.036309 0.006771 -0.086600 -0.071203 -0.059577 -0.072987 0.049329 -0.045844 0.019072 0.017571 -0.012085 -0.108067 -0.017480 -0.020428 -0.004923 
0.007399 -0.037558 -0.001924 -0.092261 -0.039948 -0.057205 -0.070055 0.044308 -0.056071 0.017273 0.029763 0.006360 -0.122042 -0.028226 -0.030096 0.000522 
0.011745 -0.046211 -0.008141 -0.089519 -0.010192 -0.058274 -0.055861 0.036841 -0.042867 -0.002420 0.017971 0.002402 -0.133546 -0.034972 -0.031190 0.020687 
0.039810 0.002217 0.040275 -0.067659 0.059426 0.075178 -0.014872 0.005297 0.060890 -0.053043 -0.082593 -0.021601 0.000891 -0.029332 -0.027610 -0.046702 
0.036447 -0.011877 0.013081 -0.046499 0.055754 0.049111 -0.014483 -0.019941 0.038637 -0.077875 -0.038664 0.032917 0.024064 -0.001152 0.004219 -0.071942 
0.030477 -0.019618 0.003570 -0.044701 0.062091 0.037515 -0.022220 -0.009272 0.036785 -0.075958 -0.034409 0.016500 0.031789 -0.021398 -0.005143 -0.017702 
0.018365 -0.024644 0.010867 -0.051574 0.053496 -0.003544 -0.031344 -0.004135 0.045831 -0.091348 -0.025382 -0.019816 -0.002289 -0.001507 -0.005751 -0.018753 
0.027558 -0.023479 0.010722 -0.058271 0.049852 0.025124 -0.026757 0.010723 0.058116 -0.083755 -0.033974 0.009315 0.001339 -0.018848 -0.034910 -0.006517 
0.031691 -0.017144 0.020046 -0.063504 0.042390 0.032384 -0.026248 0.001989 0.057805 -0.098563 -0.047521 0.026399 0.000726 -0.001012 -0.024320 -0.034423 
-0.024423 -0.017340 0.019817 -0.025431 0.034315 -0.022118 -0.082389 0.015647 0.059548 -0.049144 0.009403 0.009509 0.032480 -0.003102 0.009977 0.068693 
-0.034806 -0.008611 0.008644 -0.016989 0.039724 0.027455 -0.035662 0.004591 0.046614 -0.049271 0.021149 0.019630 0.064118 -0.042662 0.030482 0.008979 
-0.037191 -0.001874 0.017092 -0.018757 0.029537 0.029048 -0.023187 0.019469 0.045112 -0.060406 0.017488 0.003278 0.077756 -0.070066 0.023019 -0.017301 
-0.038379 0.007807 0.045852 -0.018015 0.012911 0.046649 -0.037744 0.038867 0.053512 -0.071239 -0.006102 -0.012348 0.053494 -0.068013 -0.003469 -0.018989 
-0.038478 -0.006878 0.025714 -0.023109 0.018734 0.005620 -0.041301 0.031316 0.054013 -0.075113 0.021459 0.010086 0.046883 -0.072345 -0.014743 0.036754 
-0.034791 -0.018191 0.019953 -0.019469 0.024731 -0.003117 -0.053797 0.017328 0.053876 -0.064252 0.022369 0.023679 0.044483 -0.051691 -0.015654 0.060124 
0.032564 -0.015187 -0.130082 0.004303 0.030560 0.015071 0.026086 -0.093044 0.051916 0.012950 0.016001 -0.038687 0.037918 -0.002506 -0.057947 -0.066122 
0.013593 -0.062147 -0.084524 0.009747 -0.014695 0.005105 0.005005 -0.075427 -0.017237 0.027668 0.012628 0.024432 0.049137 -0.038365 0.013154 0.045734 
0.002211 -0.068831 -0.043471 0.017344 -0.019361 -0.015159 0.004495 -0.044309 -0.056688 0.038141 0.025364 0.039503 0.019831 -0.059196 0.030109 0.061660 
-0.005607 -0.066297 -0.039515 -0.005387 -0.013121 -0.028859 0.015620 -0.067361 -0.053122 0.025606 0.045072 0.053691 0.028666 -0.055188 0.019071 0.015603 
-0.015353 -0.075824 -0.042008 -0.022552 -0.006345 -0.038918 0.004322 -0.088225 -0.054344 0.016375 0.034295 0.056776 0.016938 -0.051306 -0.001870 -0.022870 
-0.011159 -0.073055 -0.074953 -0.014686 0.024584 -0.010447 0.026375 -0.095204 -0.026075 -0.004326 0.034524 0.063457 0.032736 0.009560 0.037272 -0.039563 
-0.017499 -0.028057 -0.110096 -0.004665 0.061775 0.034007 0.001532 -0.116069 0.039959 0.013898 0.037657 0.033198 0.014875 0.076669 0.007460 -0.048822 
-0.016288 -0.040524 -0.117775 -0.017883 0.004272 -0.001409 0.024635 -0.075162 -0.032971 -0.038695 -0.002795 0.092111 0.024212 0.027642 0.014311 -0.031287 
-0.012299 -0.034710 -0.088688 -0.025861 -0.041250 -0.022093 0.019166 -0.044257 -0.060704 -0.050609 -0.025201 0.085815 0.024744 -0.013043 -0.013308 -0.014578 
0.002229 -0.026966 -0.084173 -0.018984 -0.047643 -0.004973 0.021874 -0.004380 -0.064257 -0.041536 -0.036048 0.060359 0.055394 -0.008305 0.012299 0.010652 
0.013064 -0.022033 -0.089113 0.005054 -0.048080 0.000715 0.016581 0.004719 -0.062915 -0.030073 -0.047850 0.049302 0.042891 -0.020421 0.028446 0.057307 
0.032462 -0.024135 -0.119632 0.005524 -0.027149 0.014376 0.022171 -0.032995 -0.018522 -0.014378 -0.037956 0.020934 0.059488 -0.020981 0.000600 0.001177 
0.023093 -0.023169 -0.149738 0.017068 0.007140 -0.002562 0.026529 -0.095057 0.038326 0.003094 0.044908 -0.026711 0.013995 0.006595 -0.063530 -0.086851 
0.007486 -0.049795 -0.043708 0.002604 -0.021346 -0.004641 -0.009999 -0.043813 -0.032864 0.020437 0.010726 0.014185 0.013236 -0.021382 0.021582 0.063829 
-0.004252 -0.053735 -0.037790 -0.016590 -0.021404 -0.021649 0.002510 -0.066128 -0.037681 0.014244 0.032731 0.028676 0.013346 -0.014280 0.012692 0.023790 
-0.017664 -0.057507 -0.041124 -0.031630 -0.004177 -0.031545 -0.007051 -0.096102 -0.029283 0.006741 0.026161 0.042041 0.004238 0.001084 -0.006704 -0.014835 
-0.007824 -0.045584 -0.128831 -0.007728 0.060402 0.036793 0.001146 -0.101757 0.036391 0.043657 0.005720 0.054242 0.009909 0.097585 0.039401 -0.019578 
-0.019761 -0.033619 -0.084566 -0.028509 -0.034505 -0.013889 -0.004369 -0.045799 -0.070247 -0.012099 0.010367 0.065258 0.013635 -0.028454 -0.045217 -0.054658 
-0.004249 -0.027494 -0.084463 -0.018189 -0.040265 -0.004499 0.001189 -0.010278 -0.074606 0.000985 0.003302 0.040444 0.041468 -0.018267 -0.022889 -0.015620 
0.008336 -0.022795 -0.089726 0.007354 -0.035394 0.011871 -0.003409 0.001185 -0.074845 0.015202 -0.012287 0.026413 0.029248 -0.028376 -0.005027 0.020661 
0.028930 -0.027146 -0.005616 0.146089 -0.078253 -0.007877 0.184710 -0.000894 0.030733 -0.012037 -0.008471 -0.022989 -0.014420 -0.020398 0.049876 -0.016469 
0.029588 -0.031482 -0.012872 0.145948 -0.086774 -0.013270 0.189854 0.009675 0.009377 0.002021 -0.017903 -0.029531 -0.027853 -0.024058 0.047964 -0.019671 
0.026645 -0.033636 -0.018842 0.139172 -0.077026 -0.021414 0.178618 0.017279 -0.020254 0.014845 -0.020140 -0.042237 -0.039265 -0.022828 0.050241 -0.036555 
0.022595 -0.034275 -0.022930 0.131110 -0.064545 -0.033206 0.161175 0.023511 -0.049843 0.028938 -0.022698 -0.050240 -0.039512 -0.026694 0.051057 -0.065881 
-0.019986 -0.046263 -0.006160 0.171472 -0.101970 -0.079268 0.125294 0.000364 -0.031260 0.051668 0.013969 -0.051469 0.026766 0.008551 -0.002082 -0.037810 
-0.026232 -0.046467 -0.007638 0.177948 -0.115377 -0.069931 0.142870 0.010602 -0.025325 0.035033 0.024926 -0.015927 0.008514 0.025704 0.012357 -0.021239 
-0.030713 -0.042483 -0.006102 0.178201 -0.125440 -0.055668 0.163038 0.025006 -0.015527 0.018181 0.032551 0.008861 -0.014838 0.029796 0.023454 0.002820 
-0.034089 -0.030932 -0.000717 0.165417 -0.118153 -0.037291 0.160993 0.031098 -0.015429 -0.009000 0.035177 0.012324 -0.024571 0.021156 0.030670 0.018297 
# The variances of the components (eigenvalues) of identity or combined identity and expression model
1
16
6
1433.943156 678.458486 434.834674 221.648471 195.734689 174.915590 159.773121 114.217316 92.436309 84.872608 58.670823 50.110211 39.418081 34.310103 30.546811 18.259822 
